radiant_win,npc_dota_hero_pudge,npc_dota_hero_phantom_assassin,npc_dota_hero_legion_commander,npc_dota_hero_sniper,npc_dota_hero_slark,npc_dota_hero_juggernaut,npc_dota_hero_invoker,npc_dota_hero_axe,npc_dota_hero_riki,npc_dota_hero_mirana,Duration,TotalGoldSpent,TotalLevel,TotalKills,TotalDeaths,TotalAssists,TotalLast_hits,TotalHero_damage,Totalhero_healing,TotalTower_damage
False,0,0,0,1,0,0,0,0,0,0,2166,50350,80,19,47,43,424,55935,0,579
False,0,0,0,0,0,0,0,0,0,0,1615,32135,57,10,24,22,398,29909,0,4143
False,0,0,0,0,1,0,0,0,0,0,2632,60135,89,35,60,57,475,87856,0,2564
True,0,0,0,0,0,0,0,0,0,0,392,11115,17,12,4,33,37,7271,0,7591
False,0,1,0,0,0,0,0,0,0,0,2893,77050,103,41,39,68,828,101860,859,4680
True,1,0,0,0,0,0,0,0,0,0,3571,113925,102,57,45,47,1239,166542,1303,12463
True,0,0,0,0,0,0,0,0,0,0,3454,118955,121,50,48,78,1315,127031,3500,19632
True,0,0,1,1,0,0,1,0,0,1,1887,80070,92,46,12,37,639,62993,0,16286
True,0,0,0,1,0,0,0,0,1,0,2648,79685,112,56,47,116,689,127461,4210,18104
False,0,0,1,0,0,0,0,1,0,0,2133,52585,76,26,44,24,349,54328,1680,914
True,1,0,0,0,0,0,0,0,0,0,2864,105000,118,53,34,82,995,132023,2767,17853
True,1,0,0,0,0,0,0,0,0,0,3241,123905,120,64,59,123,906,167093,450,12604
False,0,0,0,0,0,1,0,0,0,0,2699,80910,98,33,46,55,807,108971,0,4343
False,1,0,0,0,1,0,0,0,0,0,2437,67485,90,29,28,40,689,61941,0,5914
False,0,0,0,0,0,0,0,0,0,1,3974,115245,125,53,54,126,1454,223737,4867,8976
True,1,0,0,0,0,0,0,0,0,0,2138,53565,56,27,23,26,298,72435,2718,11189
False,0,0,0,0,0,0,0,0,0,0,3120,79825,97,30,51,39,1071,93434,5333,924
False,0,0,0,1,0,0,0,0,0,0,2843,81100,98,34,45,76,753,85992,11785,2165
False,0,0,0,0,0,0,0,0,0,0,2901,81395,100,36,36,54,904,67763,3478,4021
True,0,1,0,0,0,0,0,0,0,1,2354,70985,99,49,39,102,646,96677,9427,13114
True,0,0,0,0,0,0,0,0,0,1,3766,107600,125,54,55,111,1097,161960,0,14890
True,0,0,1,0,0,1,0,0,1,0,2894,112825,108,44,33,37,1085,82032,0,14358
True,0,0,0,0,0,0,0,1,1,0,3004,109580,115,45,32,82,1104,116203,0,15408
True,0,0,1,0,0,0,0,0,0,0,1978,64630,88,36,16,57,641,68348,1026,17111
False,0,1,0,0,1,0,0,0,0,0,1898,44705,55,22,14,5,286,38134,0,31
False,0,0,0,0,0,0,0,1,0,0,2316,73425,92,31,41,64,738,104357,8074,5330
False,0,0,0,0,0,0,1,0,0,0,2651,56090,87,27,57,58,580,83984,2889,1915
False,0,0,0,0,0,0,0,0,0,0,1882,45460,74,22,38,55,539,53271,262,2206
True,0,0,1,0,0,0,0,1,0,0,2081,75730,94,42,11,60,623,74583,7281,18765
True,0,0,1,0,0,0,0,0,0,0,2327,87920,99,48,33,66,927,101667,3470,12680
True,0,1,1,0,0,0,0,0,0,0,2563,97055,114,61,38,69,887,99148,2882,19007
True,1,0,0,0,0,0,1,0,0,0,2023,82655,94,58,25,77,551,89571,6803,12280
False,0,0,0,0,0,0,0,0,0,0,2116,53490,76,25,38,48,572,61853,1999,5346
True,0,0,0,0,0,0,0,0,0,0,523,12750,21,7,10,15,62,4270,0,6799
True,0,0,0,0,0,0,0,0,1,0,3158,109340,116,59,61,110,967,161548,5641,12980
True,0,0,0,0,0,1,0,0,0,0,2035,89515,91,42,20,69,586,73661,4076,14270
False,1,0,0,1,0,1,0,0,0,0,3403,97450,114,40,69,72,1092,109116,0,4315
True,0,0,0,0,0,0,0,0,0,1,2622,91070,98,51,35,112,664,106783,3978,14343
False,0,0,0,0,0,0,1,0,0,0,1854,37775,67,11,42,26,289,38088,0,1259
True,0,0,1,0,0,0,1,0,0,0,2390,89650,99,39,25,65,850,135964,0,17054
False,0,0,0,0,0,0,0,0,0,0,4018,103950,119,60,82,127,1217,175246,18622,2835
False,0,0,0,0,0,0,0,0,1,0,3145,67730,99,44,74,47,478,122399,0,2442
False,0,0,0,0,0,1,0,0,0,0,3214,81110,110,46,60,110,888,172688,20474,3407
False,0,0,0,0,0,0,0,0,0,0,2171,45445,72,15,59,14,423,58281,347,369
False,1,0,0,0,1,0,0,0,0,0,3608,100920,116,64,59,77,779,133654,5963,6500
False,0,0,0,0,0,0,0,1,0,0,1455,28040,53,4,32,7,390,29232,0,434
False,0,0,0,0,0,0,0,0,0,0,2105,51610,82,33,48,70,404,92808,2226,1995
True,0,0,0,1,0,0,0,0,0,0,2433,67655,96,45,31,86,608,86285,459,15978
False,0,0,0,0,0,0,0,0,0,0,3506,109385,110,33,56,64,1046,133690,4387,254
True,1,0,0,0,0,1,0,0,0,0,2249,86825,92,30,20,30,830,56279,373,17567
True,0,0,0,0,0,0,0,0,0,0,2991,96135,108,42,36,61,1036,103732,7358,14153
False,1,1,0,0,0,0,0,0,0,0,1618,30450,58,13,25,14,217,28464,0,388
True,0,1,0,0,0,0,0,0,1,0,1973,73700,92,55,29,63,382,77615,1280,16560
True,0,1,0,0,0,0,0,0,0,0,3298,88050,112,42,43,76,1130,123063,11554,12151
True,0,1,0,0,0,1,0,0,0,0,2175,62720,83,32,41,46,450,66364,3908,10252
False,0,0,0,0,1,0,1,0,0,0,2884,82200,107,38,47,62,920,100889,0,7885
False,0,0,0,0,0,0,0,0,0,0,2020,43665,69,17,41,25,473,49609,0,5562
False,1,0,0,0,0,0,0,0,0,0,3905,108745,122,51,57,91,1320,196434,5713,9218
False,0,0,0,0,0,0,0,0,0,0,2509,55085,88,21,60,51,479,65365,2042,188
False,0,0,0,0,0,0,0,0,0,0,3268,72825,108,48,57,99,715,126780,8817,3968
True,0,1,0,0,0,0,1,1,0,0,2517,66810,87,41,27,51,468,85431,118,8062
True,0,0,0,1,1,0,0,0,0,0,2681,96590,109,34,33,45,1031,106646,661,18485
True,0,0,0,0,0,0,0,0,0,0,2829,63815,91,38,50,62,536,101911,24519,8668
False,0,1,0,0,0,0,0,0,0,0,3025,78365,99,42,52,97,717,127223,13576,14466
False,0,1,0,0,0,1,0,0,0,0,2296,74305,92,44,41,72,685,74959,3299,7942
True,0,0,0,0,0,0,0,0,0,0,1703,59395,68,24,7,55,482,40802,2278,21707
False,0,0,0,0,0,0,0,0,0,0,2915,67905,102,45,57,60,934,90763,1387,1227
False,1,1,0,1,0,0,0,0,0,0,2698,64675,90,26,50,39,704,80918,500,612
False,0,0,0,0,0,0,0,0,1,0,3109,65475,101,40,51,66,692,119968,703,259
True,0,1,0,0,0,0,0,0,0,0,2712,89260,110,53,34,95,758,124473,561,20356
True,0,0,0,0,0,0,0,0,0,0,2417,73890,100,46,42,54,706,81101,0,14827
False,0,0,1,0,1,0,0,0,0,0,2909,88580,107,44,47,102,627,126154,5576,6960
True,0,0,0,0,0,0,1,0,0,0,2862,101420,110,42,39,106,978,121236,4499,18821
False,0,1,0,1,1,0,0,0,0,0,2725,64845,95,35,68,46,430,88479,2837,738
False,1,0,0,0,0,0,0,0,0,0,2869,77210,87,23,40,51,700,76804,1485,11428
False,0,1,0,0,0,0,0,0,0,0,2848,52145,90,26,44,39,465,81246,674,2660
False,0,0,0,1,0,0,0,0,0,0,3589,100480,120,50,57,91,1067,169315,6169,9811
True,0,0,0,0,0,1,0,0,0,0,2830,96635,112,47,37,80,868,130588,0,12386
True,1,0,0,0,0,0,0,0,1,0,1373,45040,63,23,5,16,429,27947,0,3659
True,0,0,0,0,1,0,0,0,1,0,2322,102180,106,58,16,83,644,116300,3500,18123
False,0,0,1,1,0,0,0,0,0,0,2968,65935,93,31,56,58,801,106478,2109,2327
True,1,0,0,1,1,0,0,0,1,0,2422,81995,99,58,19,86,597,89090,940,14831
True,1,1,0,0,1,0,0,0,0,0,2921,98545,103,35,29,46,1051,84039,1653,18740
True,1,0,0,0,1,0,0,1,0,0,2252,74945,98,47,19,57,698,80512,0,5406
True,1,0,0,0,0,1,0,1,0,0,2989,106460,112,50,35,113,1085,148185,6579,12884
True,0,0,0,0,1,0,0,0,1,0,3335,104660,119,46,45,105,1119,173179,0,13121
True,1,1,0,0,0,0,0,0,0,0,2343,72055,95,40,32,55,557,80625,5385,11191
True,0,1,0,0,0,1,1,0,0,0,2145,85705,96,52,34,51,598,95330,1345,14062
False,0,0,0,0,0,1,0,0,0,0,2364,67265,89,25,35,44,835,101390,3837,5319
False,0,0,0,0,0,1,0,0,0,1,2146,56120,88,32,32,59,607,68428,1591,3166
False,0,0,0,1,0,0,1,0,0,1,3677,105015,119,40,48,71,1438,146233,791,3835
True,0,1,0,0,0,0,0,0,1,1,1798,62650,87,45,20,76,538,90496,345,11463
False,0,0,1,1,0,1,0,1,1,0,3327,71145,94,27,37,44,735,84130,0,4095
False,0,1,0,0,0,0,0,0,1,1,2245,48420,83,23,38,60,406,68262,0,609
True,0,0,0,0,0,0,0,0,0,1,2572,80830,98,48,34,84,658,113718,609,16723
True,0,0,0,0,0,1,0,0,0,0,1563,50795,73,28,11,50,536,40099,8118,11307
True,1,1,0,0,0,0,0,0,1,0,2396,85455,107,58,36,58,616,101268,0,16741
False,0,0,0,1,0,0,0,0,0,0,1647,24345,53,11,58,16,134,28539,2780,162
True,0,0,1,0,0,0,0,0,0,0,2775,99030,115,54,33,81,847,112645,961,16007
False,0,0,0,0,0,1,0,0,0,1,2388,45520,70,15,39,16,529,40067,0,2522
True,0,0,0,0,0,0,0,0,0,0,2197,65990,82,31,22,64,562,76475,5164,14447
False,0,0,1,0,0,1,0,0,0,0,3479,97885,114,43,52,82,1004,119894,0,4449
True,0,0,1,0,0,0,0,0,0,0,3023,80825,105,36,29,98,1076,159951,17725,10216
False,1,1,0,1,0,0,0,0,0,0,2215,55035,83,28,51,60,309,79245,1558,102
True,0,0,1,1,0,1,0,0,0,0,3444,123480,114,52,33,134,1187,155958,0,18577
False,1,0,0,0,0,0,0,0,0,0,2689,72305,94,31,42,54,592,84181,3195,1152
True,0,0,0,0,0,0,0,0,0,0,2832,90840,108,53,33,98,666,86232,0,9198
True,0,0,0,0,1,0,1,1,0,0,1702,51600,72,33,19,53,351,41829,3200,13461
True,0,0,0,0,0,0,0,0,0,0,3447,100200,119,60,54,121,917,152400,0,16629
False,0,0,0,0,0,0,0,0,0,1,2846,65200,92,37,56,81,677,100078,1109,1895
False,0,0,0,0,0,0,0,0,0,1,3347,93130,112,40,66,73,1013,125751,6900,10499
True,0,0,0,1,0,0,0,0,1,0,2780,79465,101,44,36,63,640,109896,0,15035
True,0,0,0,0,0,0,0,0,1,0,2409,85005,107,47,30,83,845,106483,784,11515
True,0,0,1,0,0,1,1,0,0,0,1643,54765,73,30,19,48,457,44542,3709,15576
False,0,1,1,0,0,0,0,0,0,0,1952,41660,71,18,48,39,350,48186,1024,714
False,0,0,0,0,0,0,0,0,1,0,3460,90600,108,49,54,64,826,151766,3865,2948
False,0,0,0,0,1,0,1,0,0,0,2779,87595,107,36,52,58,872,112786,3189,6903
True,0,0,0,0,1,0,0,0,1,0,2805,94265,112,61,29,138,745,138945,4445,11338
False,0,0,0,0,0,0,0,0,0,1,2065,40325,76,22,45,28,469,52226,527,3103
True,0,0,0,1,0,0,1,1,0,0,2742,78115,105,43,48,86,708,106130,5717,12590
True,0,0,0,0,0,1,0,0,0,1,1620,63155,76,36,13,71,508,61777,5305,10677
True,1,0,0,0,0,0,0,0,0,0,2271,68295,91,41,12,66,639,67502,0,12680
False,0,0,1,1,0,0,0,0,0,0,1962,46770,61,8,49,20,303,33701,0,1013
False,0,1,0,0,0,0,0,0,0,0,1883,26820,56,6,54,12,196,36946,108,769
False,0,0,1,0,0,0,0,0,0,1,2936,58620,87,20,45,33,681,78497,0,203
False,0,1,0,0,0,0,1,0,0,0,1652,35620,57,9,28,17,218,27038,0,96
False,0,0,0,0,1,0,0,0,0,0,1992,43870,76,26,36,46,414,55677,4807,1159
True,0,1,0,0,1,0,0,0,0,0,2821,112330,114,58,25,85,1111,139297,13364,15629
True,1,1,0,0,0,0,0,0,0,0,2461,88160,99,40,27,51,963,61383,1477,13653
False,0,0,0,0,0,1,0,0,0,0,3537,95060,113,49,58,95,1054,136760,2842,4855
True,0,0,0,0,1,0,1,1,0,0,1996,68835,94,32,8,34,873,55552,0,13294
False,0,1,0,0,1,0,0,0,0,1,2416,48120,86,20,54,33,551,71169,401,916
False,0,0,0,0,1,0,0,0,0,0,1275,20875,48,8,26,15,209,27390,1347,125
True,1,0,0,0,0,0,0,0,0,1,2030,66680,87,43,31,78,610,76400,1238,19938
False,0,0,0,1,0,1,0,0,0,0,3788,106995,122,61,58,115,1347,166390,5441,3573
True,0,0,0,0,0,0,0,0,1,1,2082,63625,64,26,12,34,493,50883,2423,12037
True,0,1,0,0,0,0,0,0,1,0,2536,89340,105,43,38,52,699,83514,1735,14337
True,0,1,1,0,0,0,0,1,0,0,1876,64515,85,45,21,69,520,74838,1057,13301
True,0,0,0,0,1,0,0,0,0,1,2661,97700,110,56,38,86,738,117540,3459,13083
True,0,0,0,0,0,0,0,0,0,1,2384,89685,95,35,36,60,742,84384,2904,15901
False,0,0,1,0,1,0,1,0,0,0,3738,115210,123,42,47,57,1334,183844,0,16842
True,0,0,1,0,0,0,0,0,0,0,2171,71090,101,59,30,118,571,105234,10495,18994
True,0,1,0,0,0,0,0,0,0,0,2075,72685,93,44,19,63,656,76174,0,14477
False,0,0,0,0,0,0,0,0,1,0,2618,58420,88,25,51,55,610,73464,1887,1253
False,0,1,0,0,0,0,0,1,0,0,2029,41080,60,13,34,25,409,57561,990,958
True,1,0,0,0,0,0,0,0,0,0,1971,51325,78,34,11,62,396,56645,2984,11148
False,0,0,0,1,0,0,0,0,0,0,3145,70890,99,38,54,82,697,108518,0,1100
False,0,1,0,0,1,1,0,0,0,0,1909,51105,66,10,32,10,411,31249,0,511
True,0,1,0,1,0,0,0,0,0,0,3000,113425,117,69,39,74,1097,134062,968,15067
True,0,0,1,0,1,0,0,0,0,1,1976,68340,90,42,10,83,628,74036,7443,10871
True,0,0,0,0,1,0,0,0,0,0,1398,53050,67,56,16,34,340,64166,257,13273
False,0,1,0,0,0,1,0,0,0,0,2993,87035,105,64,61,60,533,157319,663,2407
False,0,0,0,0,0,0,0,0,0,0,2850,77050,104,36,51,49,841,90346,8484,2646
True,0,1,0,0,0,0,0,0,0,0,649,16010,35,8,2,13,126,9347,640,1518
True,0,0,0,0,0,1,1,0,0,0,2490,106260,112,45,35,73,1059,135651,357,13867
True,0,1,0,0,0,0,0,0,0,0,4412,147050,117,78,62,79,1322,192144,0,13307
False,0,0,0,0,0,0,0,0,0,0,2877,63815,93,26,60,53,723,72898,9371,4798
False,0,1,0,0,0,0,0,0,0,0,2242,53870,89,30,57,46,493,72361,460,1426
False,0,0,0,1,1,0,0,0,0,0,3206,74630,105,26,44,48,989,106198,265,372
False,0,0,0,0,0,0,0,0,0,0,2885,87705,105,28,55,50,1064,119252,1726,4183
False,0,0,0,0,0,0,0,0,0,0,2386,66345,91,17,40,54,613,72621,3992,673
True,0,0,0,0,0,0,0,0,0,0,2480,87805,101,49,21,61,587,90093,6335,16768
False,0,0,0,0,0,0,0,1,0,0,2111,52410,79,20,38,31,603,57678,0,820
True,0,0,0,0,0,0,0,1,0,0,3034,86065,107,45,39,94,762,110275,6835,16303
True,0,0,0,0,0,0,0,0,0,0,3263,108270,122,78,55,124,984,175777,3739,12389
True,0,0,0,1,0,0,0,0,0,0,463,14515,18,8,2,19,59,4871,0,7109
True,0,0,0,1,0,0,1,0,0,0,2555,88875,108,54,52,72,752,124908,12512,10468
True,0,0,0,0,0,1,0,0,0,0,2255,63655,90,33,29,66,638,66193,4864,19625
False,0,0,0,1,0,0,0,0,0,0,2075,39510,66,14,41,20,426,67312,12,2584
True,1,0,0,0,0,0,0,0,0,1,2030,79730,93,39,21,75,818,68943,2478,18830
True,0,1,0,0,0,0,0,1,0,0,2758,81745,106,35,47,49,879,112583,2146,12001
False,0,0,0,0,0,0,0,0,0,0,2063,47200,79,22,37,26,573,57103,1695,4237
True,0,0,0,1,0,0,0,0,0,0,2407,86805,104,75,28,80,481,110254,250,14250
False,1,1,0,0,0,0,0,0,0,0,2716,65005,92,31,37,59,500,72518,0,717
True,0,0,0,0,0,0,0,0,1,0,2901,104090,113,53,23,85,833,141691,793,11250
True,1,0,0,0,0,1,0,0,0,0,2998,80985,116,71,43,114,795,167714,0,14358
False,0,0,0,0,1,0,0,0,0,1,3597,98365,115,60,65,109,783,160506,0,18466
False,0,1,0,0,0,1,0,0,0,1,2220,46175,78,31,52,34,422,64045,0,835
True,1,0,0,0,0,0,0,0,0,0,1853,60865,76,34,15,36,432,47109,0,14292
True,0,0,0,0,0,0,0,0,0,0,2535,77900,95,37,35,63,692,86749,15326,16366
False,0,0,0,1,0,0,0,0,0,0,2827,73795,104,33,53,72,739,122837,0,1351
False,1,0,0,0,0,0,1,0,0,0,1961,35840,49,17,47,32,234,39865,800,3135
False,1,0,0,0,0,0,0,0,0,0,4070,114650,119,51,108,70,1139,144924,0,2633
False,0,0,0,0,0,0,1,0,0,0,3268,72650,104,31,64,74,649,119039,3503,1133
True,1,0,0,0,0,0,0,0,0,0,2559,97525,94,24,18,60,947,72096,888,17998
False,1,1,0,0,0,0,0,0,0,0,2818,69950,95,27,48,29,753,69747,1898,1132
False,1,0,0,0,0,1,0,0,0,0,2068,47565,78,27,58,54,249,63533,2746,1886
False,1,0,0,0,0,0,0,0,0,0,3036,83540,111,46,62,77,745,121676,0,7730
True,0,1,0,0,0,0,0,0,0,0,2077,65160,86,43,31,68,576,71579,8215,10883
False,0,0,1,1,0,0,1,0,0,0,3555,103095,114,29,49,79,1486,143621,0,10340
True,0,1,0,1,0,0,0,0,0,0,2457,77215,99,44,37,45,708,89255,1514,8607
False,0,0,0,0,1,0,0,0,0,1,2880,91765,108,37,48,57,1121,120711,747,8615
True,0,1,0,0,0,0,0,0,0,0,2446,68130,90,34,44,47,600,80382,1527,7112
True,0,0,0,0,0,0,1,0,0,0,2474,80160,99,38,25,75,665,96083,2357,17061
True,0,0,0,0,0,1,0,0,0,0,1644,60165,77,36,16,67,476,61254,4539,15522
True,0,0,0,0,0,0,0,0,0,0,3299,101395,118,51,60,121,957,148390,4523,12465
True,0,0,0,0,0,0,0,1,0,0,2659,84735,105,45,32,68,883,97249,0,17230
False,0,1,0,0,0,0,0,0,0,0,1705,27875,57,9,43,9,340,29484,746,80
False,0,0,0,0,0,0,1,0,0,0,2178,55820,85,37,53,73,440,68214,7570,1536
True,0,0,0,0,0,0,0,0,0,0,2575,93145,106,64,40,71,747,117693,0,13715
False,0,0,0,0,0,1,0,0,0,0,1465,29075,53,8,21,8,403,21877,3368,855
True,0,0,0,0,1,0,1,0,0,0,1908,71090,92,49,12,67,549,72270,2503,15713
False,0,0,0,0,0,0,0,0,0,0,0,200,5,0,1,0,0,0,0,0
True,0,1,0,0,0,0,0,1,1,0,2633,67830,102,34,56,49,594,116091,0,8859
False,0,1,0,1,0,0,0,0,0,0,3182,79325,101,42,48,63,964,109935,804,3420
True,0,1,0,0,0,1,1,0,0,0,2352,67120,67,42,22,19,372,79788,0,16818
True,0,0,0,1,0,0,1,0,0,0,1285,49710,61,28,11,71,290,50386,5417,14610
False,0,1,0,0,0,0,0,1,0,0,2667,57295,101,26,60,47,671,83761,2710,551
False,0,0,1,0,0,0,0,0,0,0,2175,48645,77,24,49,38,468,69824,0,3483
False,0,0,0,0,0,0,0,0,0,0,1946,42520,66,11,34,19,451,35782,234,1614
False,0,0,0,0,0,0,0,0,0,0,2544,52680,91,24,50,39,645,82615,3722,1877
True,0,0,1,0,0,0,0,0,0,0,2367,85595,103,57,25,72,670,104285,4273,14317
True,1,1,0,0,0,0,0,0,0,0,2368,85635,99,70,26,60,504,105733,1385,6136
False,1,0,1,0,0,0,0,0,0,0,3084,67455,101,36,65,60,655,96763,3713,2778
False,0,0,0,0,0,0,0,1,0,0,2086,38265,66,18,34,24,413,38536,933,804
True,0,0,0,0,0,0,0,0,0,0,3266,104100,111,47,48,93,1019,132876,8972,19720
True,1,1,0,0,0,0,0,0,0,0,2197,74230,93,51,29,66,544,84867,4905,8767
False,0,0,0,0,0,1,0,0,0,0,2008,46195,72,23,32,39,463,58398,826,7418
True,1,0,1,0,0,0,0,0,0,0,2403,75465,98,31,41,61,800,77259,2260,8793
False,1,0,0,0,0,0,0,1,0,1,2530,69690,90,33,37,67,692,82214,0,2270
True,0,0,0,0,0,1,0,1,0,0,1796,64950,91,59,36,78,465,78478,1734,10390
False,0,0,0,0,1,0,0,0,0,0,2926,75645,105,37,53,72,751,95227,0,1450
True,0,0,1,0,0,0,0,0,0,0,1480,53535,74,34,13,50,453,47362,539,19491
False,0,0,1,1,0,0,0,0,0,0,3195,81400,111,38,73,64,707,105862,871,5245
False,0,1,0,1,0,0,1,0,0,0,2797,75435,96,27,40,51,767,85599,1345,1371
True,0,1,0,1,0,0,0,0,0,0,1791,68740,82,42,8,89,445,70074,3468,14772
True,1,0,0,0,0,0,0,1,0,0,1980,78270,90,37,13,71,651,66080,0,10736
True,0,0,0,0,0,1,0,0,0,0,2841,105225,105,59,41,77,818,129123,7397,14622
False,0,1,0,0,0,0,0,0,0,0,3187,74340,105,48,63,74,908,151367,13373,3345
False,1,0,0,0,0,1,0,1,0,1,3961,111550,122,46,68,101,1372,234901,0,8352
True,0,0,0,0,0,1,0,0,0,0,1910,72530,83,37,12,68,574,56900,2882,15951
True,0,0,0,0,1,0,0,0,0,0,1618,63950,73,33,15,52,452,53164,400,17554
False,0,0,0,0,1,0,1,0,0,1,3085,80105,104,44,34,73,978,116999,0,4606
True,0,0,0,0,0,0,0,0,0,0,2759,78850,102,36,37,85,834,122488,15631,17006
False,1,0,0,1,0,0,0,0,0,0,3279,80760,105,39,48,80,846,127766,0,4444
True,0,0,0,1,0,0,0,0,1,0,2216,73400,96,53,16,86,676,72073,510,12888
True,1,1,0,0,0,0,1,0,0,0,1893,60300,86,52,20,104,429,73984,7808,15028
False,0,1,0,0,0,0,0,0,0,1,1788,28455,54,9,35,24,179,47777,227,181
True,1,0,0,0,0,0,1,0,1,1,2913,76635,104,45,45,81,534,108517,0,12104
False,0,1,0,0,0,0,0,0,0,0,1490,26625,52,14,50,23,127,27103,13,40
True,0,0,0,0,1,0,0,0,0,0,3580,138000,120,49,31,49,1608,135731,6336,16896
True,0,1,0,0,0,1,0,0,0,0,3480,107090,117,46,65,70,940,122461,2981,16151
True,0,1,0,0,0,0,0,0,0,0,2915,77890,100,46,57,79,627,112718,10628,10486
False,0,0,0,1,0,0,0,0,1,1,1967,38435,67,10,46,8,473,28340,0,1613
True,0,0,0,0,0,0,0,0,1,0,2556,74095,99,45,24,75,611,79086,943,13471
True,0,0,0,0,0,0,1,0,0,0,4191,131795,124,48,51,90,1760,176141,0,19548
False,0,0,0,1,0,1,0,0,0,0,3010,79575,97,27,49,49,848,100927,16860,12081
False,1,0,0,0,0,0,0,0,0,0,1963,51415,67,14,20,22,538,32824,377,1317
True,1,0,0,1,0,0,1,0,0,0,2068,62835,81,24,31,37,544,56532,2851,12705
True,0,1,1,0,0,1,0,0,0,0,1501,62020,74,48,8,74,433,61073,942,8990
False,0,0,0,1,0,1,0,0,0,0,1793,28160,58,6,32,5,363,31776,0,112
False,0,0,0,0,0,0,0,0,0,0,3413,106915,110,38,54,62,1036,129867,833,12601
False,0,0,0,0,0,0,0,0,0,0,3002,69135,96,26,51,50,784,94020,4532,1561
True,0,0,0,0,0,0,0,0,0,1,2234,75640,95,38,13,61,680,77735,3416,13874
True,0,0,0,0,0,0,1,0,0,0,2872,91555,110,42,40,84,681,96776,0,15966
True,0,0,1,0,1,0,0,0,0,0,3153,93265,117,64,50,120,760,135392,5658,12141
True,0,0,0,0,0,0,0,0,0,1,2602,91060,103,35,38,46,950,84307,926,17872
False,0,0,0,0,0,0,0,1,0,0,3303,64810,101,32,49,78,789,105219,0,1418
False,0,1,0,0,0,0,0,0,1,0,3008,85390,111,64,53,80,596,166780,7482,7351
False,0,0,0,0,0,0,0,0,0,0,3143,85840,115,45,63,104,513,123593,34056,5319
False,1,0,0,0,0,1,0,0,1,0,3337,84430,118,59,54,100,777,163980,3066,5710
False,0,0,0,0,0,0,0,0,0,0,2746,77875,105,36,52,73,902,110719,4463,5186
False,0,1,0,0,0,0,0,0,0,0,1673,29475,45,2,50,4,187,19932,0,1060
False,0,0,1,0,0,1,0,0,0,0,3021,78875,111,47,46,78,876,119228,3844,2774
True,0,0,1,0,0,0,0,0,1,0,2453,78110,100,40,27,80,840,91033,4752,15537
True,0,0,0,0,0,0,0,1,0,0,1085,26550,52,14,13,16,287,19751,0,2631
True,1,0,0,0,0,0,0,0,0,0,1268,37135,54,24,2,67,208,28269,7540,20250
False,0,0,0,0,0,0,0,0,0,0,2902,81230,101,38,55,77,718,84650,5785,1207
False,1,0,0,0,0,0,0,0,0,0,2687,63540,95,28,41,43,737,72335,0,3110
False,0,0,0,0,1,0,0,0,0,0,1611,24930,36,7,15,1,135,15877,0,446
True,0,0,1,1,0,0,0,0,0,0,2081,63805,85,33,39,46,538,58283,400,16683
True,0,0,0,0,0,0,0,0,1,0,3263,99960,119,61,60,106,666,149693,5959,14191
False,1,0,0,0,1,0,0,0,0,0,3632,91690,124,64,75,108,799,167244,8280,5377
False,0,1,0,0,0,0,0,0,0,0,2671,67620,91,36,66,64,557,72577,1662,2240
False,0,0,0,1,0,0,1,0,0,0,1757,50545,65,17,26,31,473,44689,1134,3246
True,1,0,0,0,0,0,1,0,0,0,1505,52285,73,32,12,51,394,48644,3854,9043
True,0,1,0,0,0,0,0,1,0,0,2938,76660,106,43,41,72,825,84203,10472,8807
False,0,0,0,0,0,0,0,0,0,0,3063,83440,105,41,43,61,1119,100722,8425,4727
False,0,0,0,0,0,1,1,0,0,0,2330,61340,86,20,41,21,771,80228,7045,850
False,0,0,0,0,0,1,0,1,0,0,3357,90025,111,61,62,87,958,209644,875,2876
True,1,0,0,0,0,0,0,0,0,0,2445,85705,98,46,28,60,603,83431,5754,12833
True,0,1,0,0,0,1,0,0,0,0,1805,59345,71,12,19,21,623,40758,3327,14132
False,1,1,0,0,0,0,1,0,0,0,1969,50535,79,33,41,33,368,55616,356,787
True,0,0,0,0,1,0,0,0,0,0,2893,84645,99,32,40,78,705,98502,10956,15843
True,0,0,0,0,0,0,0,0,1,0,2495,78185,96,30,29,75,729,104062,14645,12649
False,0,0,0,0,0,0,0,0,0,1,3167,74980,113,48,52,103,935,133615,0,5331
True,0,0,1,0,0,0,0,0,0,1,3317,103395,118,38,47,58,1276,119140,0,14124
True,0,1,0,0,0,0,0,0,0,0,2665,86575,97,49,48,79,614,109306,747,17050
True,0,0,0,0,0,0,0,0,0,0,2928,94995,111,42,44,88,894,116601,5047,15645
False,0,1,0,0,1,0,1,0,0,0,2304,51615,81,23,41,46,513,70754,1006,2863
False,0,0,0,1,0,0,0,0,0,0,3142,79370,103,51,61,62,792,155483,8058,9452
False,0,0,1,0,0,0,0,0,0,0,2049,45230,77,18,40,32,545,58108,0,1942
False,0,0,1,1,0,0,0,0,0,0,2598,61035,103,33,57,89,567,90440,9429,1571
True,0,0,0,0,1,0,0,0,0,0,2156,79705,94,54,39,79,544,91076,4983,15249
True,1,0,0,0,0,0,0,0,0,0,3319,110345,118,61,44,122,1144,156500,2276,18911
False,0,1,0,0,0,0,0,0,0,0,2000,31675,68,23,58,46,213,56624,100,130
True,1,0,0,0,0,0,0,0,0,0,2591,84525,95,33,26,69,748,78867,2887,12804
True,1,0,0,1,0,0,0,0,0,0,2157,85855,92,48,8,69,638,73357,5103,11466
False,1,0,0,1,0,0,0,0,1,0,3650,101580,117,67,69,95,912,168083,0,7125
True,0,0,0,0,1,0,0,0,0,0,2581,83375,100,45,38,68,779,90650,7603,16956
True,0,0,0,0,0,0,0,0,0,0,1860,78120,86,27,15,41,757,71526,1219,17543
True,0,0,0,0,0,0,0,1,0,1,1493,55920,79,45,9,69,412,65214,2529,15912
False,0,0,0,0,1,1,1,1,0,0,2957,81410,104,35,64,68,1109,115417,0,3466
False,0,1,0,0,0,0,1,0,0,0,2384,64645,83,22,50,44,634,85772,9336,8948
True,0,0,0,0,0,0,0,0,0,0,2188,75740,91,37,28,58,746,60667,3603,13833
True,0,0,0,0,0,1,0,0,0,0,2117,85810,89,31,21,60,779,71842,7408,16023
True,0,1,0,0,0,0,0,0,0,0,2857,86910,113,45,52,80,852,126657,5425,11455
True,0,0,0,0,0,0,0,0,1,0,2406,74680,101,53,40,108,581,101329,1146,11651
True,1,0,0,0,0,0,0,0,0,0,1883,64440,82,42,20,63,517,59774,638,16765
True,0,0,1,0,0,0,0,0,0,0,2372,81835,102,51,29,73,591,104726,2014,13315
False,0,0,0,0,0,1,0,0,0,0,2258,52195,84,30,54,49,479,57823,0,1593
True,1,0,0,0,0,0,0,0,0,1,2372,88435,101,46,25,98,620,99690,11273,14175
False,0,0,1,0,0,0,0,0,0,0,2597,57865,88,35,50,56,485,62087,1079,1598
True,0,0,0,0,0,0,0,0,1,0,2580,84120,98,48,31,84,654,97405,4392,13988
False,0,0,1,0,0,0,1,0,1,0,3488,91710,112,35,65,44,1132,106572,0,2919
True,0,1,0,0,0,0,1,0,0,0,1631,66495,80,59,6,120,429,78118,6240,10099
True,0,0,0,0,0,0,0,0,0,0,1669,97305,103,121,3,268,394,130445,7518,6212
False,0,0,0,0,0,0,0,0,0,0,2380,61045,81,17,29,36,651,77581,0,4548
True,0,0,1,1,0,0,0,0,0,0,2595,88885,101,33,29,52,903,71912,9159,11410
False,0,0,1,0,0,0,0,0,0,0,3265,101890,112,45,60,67,1152,135087,3618,2299
False,0,0,0,0,0,0,0,0,0,0,2327,45970,75,20,50,23,399,69421,3913,2070
True,0,0,0,0,0,1,0,0,0,0,3491,102250,116,65,37,138,876,168445,12018,11752
True,0,0,0,0,0,0,0,0,0,0,2383,73850,100,43,34,71,659,87950,772,19334
False,0,0,1,0,0,0,0,0,0,1,3258,97050,109,42,27,66,1069,127751,4303,2727
False,0,0,0,1,0,1,0,0,0,0,2650,74840,99,27,44,50,1055,99756,1095,7767
False,1,1,0,0,0,0,0,0,0,0,3293,88700,113,51,64,94,793,131396,3557,6400
True,1,0,0,0,1,0,0,0,0,0,2584,81035,106,56,39,75,581,109587,400,8103
True,0,0,0,0,0,0,1,1,0,0,1825,69680,87,59,30,65,455,90179,0,10825
False,0,0,1,0,0,1,0,0,0,1,3831,114100,120,40,73,65,1313,146094,0,14928
True,0,0,0,0,0,1,0,1,0,0,3509,105380,124,55,44,100,1035,165422,5126,16321
True,0,0,0,0,0,0,0,0,0,1,2264,80530,94,35,16,65,875,92134,994,12696
True,0,1,0,0,0,0,0,0,0,0,2135,69620,77,35,42,33,333,73500,595,17204
False,0,0,0,0,0,0,0,0,0,0,1883,41805,58,1,29,3,478,48320,0,507
True,0,0,0,0,0,0,0,0,0,0,1490,45745,72,26,16,53,556,37962,1750,12341
False,0,0,0,0,0,0,1,0,1,0,2238,40470,78,13,56,33,393,56557,1925,273
True,0,0,1,0,0,1,0,0,0,0,2624,85535,106,32,35,71,925,94271,4976,18114
True,0,0,0,0,0,1,0,0,1,0,3099,84020,111,44,46,99,978,192515,0,16938
True,0,0,0,0,0,0,1,0,0,1,2661,95515,108,49,29,113,811,97012,8202,18515
False,0,0,0,1,0,0,0,1,0,0,4155,102995,118,53,83,108,1152,195840,10330,9685
True,0,1,0,0,0,0,0,0,0,1,1959,70490,96,49,19,44,614,76318,3452,15126
False,0,1,0,0,0,0,1,0,0,0,1598,25325,55,12,48,15,248,33301,0,756
True,0,0,1,0,0,0,0,0,0,0,2057,74035,93,46,23,82,526,90292,2120,11871
True,0,0,0,1,0,0,0,0,0,0,2675,87015,95,27,30,35,918,60595,4666,14656
True,1,0,0,0,0,0,0,0,0,0,2970,90185,104,42,50,73,953,122097,11077,10199
True,1,0,1,0,0,0,0,0,0,0,1980,74365,89,40,18,59,745,55962,1396,18294
False,1,0,0,0,0,0,1,0,1,0,2819,74580,99,37,49,58,730,95365,400,1587
True,1,1,0,0,1,0,0,0,0,0,1883,45095,67,47,16,55,163,62681,786,4796
True,0,1,0,1,0,0,0,0,0,0,1895,62195,85,41,29,66,481,74214,5453,14287
False,1,0,0,0,0,0,0,1,0,0,2875,81155,111,40,55,85,1068,122011,1719,12771
False,0,0,1,0,0,0,0,0,0,0,2408,55860,80,28,43,30,441,76163,3618,515
True,0,1,1,0,0,0,0,0,0,0,3239,111895,121,55,41,91,1270,214988,3441,15817
True,1,0,0,1,0,0,0,0,0,1,2176,71205,97,47,20,77,643,95211,0,17180
True,0,0,0,0,0,0,0,0,0,1,2564,92125,96,36,23,68,885,75597,808,17069
False,0,0,0,1,0,0,0,0,0,0,2980,70360,101,39,43,71,750,111767,0,1696
False,1,0,0,0,0,1,0,0,0,0,3723,111270,115,62,52,108,1591,211671,6360,7776
False,1,0,0,0,1,0,1,0,0,0,2544,52535,93,32,57,51,382,80672,1711,2358
True,0,0,0,0,1,0,0,0,0,0,2908,73235,107,40,37,70,664,119382,5270,11831
False,0,0,0,0,0,0,0,0,0,0,3237,82050,108,57,57,82,640,121312,6375,7688
True,1,0,1,0,0,0,0,0,1,0,2994,102735,117,60,28,95,726,110697,1955,17440
False,0,0,1,0,0,1,0,0,0,1,1621,26045,61,8,48,18,311,33713,0,133
True,0,0,0,0,0,1,1,0,0,0,3221,99455,110,49,56,82,1062,198252,9056,12314
True,1,1,0,0,0,1,0,0,0,0,2678,87460,107,47,22,78,688,87674,2787,11779
False,0,0,1,0,1,0,0,0,0,0,2568,59770,88,22,40,40,927,74230,811,4489
True,0,0,0,0,0,0,0,0,0,0,3315,102675,114,58,46,103,901,119653,2067,12002
True,0,0,0,0,0,0,0,0,0,0,2232,95960,96,45,26,79,733,96912,1900,16427
True,0,0,0,0,0,1,0,0,0,0,1797,58015,77,45,14,91,341,59144,1142,9130
True,0,0,0,1,0,0,0,1,0,0,2743,87030,105,43,44,65,797,106868,1874,18854
True,1,1,1,0,0,0,0,0,0,0,2724,103285,114,67,38,81,942,106855,1522,15660
False,0,0,0,1,0,0,0,0,0,0,3117,83000,103,52,51,78,819,125790,0,9226
False,0,0,0,0,0,1,0,0,1,0,2337,54255,69,23,28,32,321,53355,652,8571
True,0,0,0,0,0,0,0,0,0,0,2553,89855,99,33,34,73,899,100368,25958,15311
False,1,0,0,1,0,0,0,0,0,0,2205,55200,86,20,39,30,643,51450,0,864
True,0,1,0,0,0,0,0,0,0,0,2416,70060,86,32,32,50,515,78025,13927,11093
True,0,0,1,0,1,0,0,0,0,0,1993,70390,93,47,12,72,550,73376,0,19693
False,0,1,0,0,0,0,0,0,0,0,2514,67295,94,23,56,40,582,102939,2188,758
True,1,0,0,0,1,0,0,1,0,0,2576,92355,103,53,27,42,819,105586,1231,13624
True,0,0,0,0,1,0,0,0,0,0,2559,82500,95,41,37,47,597,63326,936,13842
False,1,0,0,1,0,0,0,0,0,0,3325,78390,101,34,45,67,765,103093,1054,5349
False,0,0,0,0,0,1,0,0,0,1,3888,128520,114,35,55,48,1425,149573,4163,14177
False,0,0,0,1,0,1,0,0,1,0,2386,47920,82,17,51,22,438,63131,1169,672
True,0,0,1,0,0,0,0,0,0,0,3019,90700,106,42,36,68,798,94221,4510,12860
False,1,1,0,1,0,0,0,0,1,0,2621,54430,77,32,46,26,411,107181,0,941
True,0,0,0,0,0,0,0,0,0,0,3059,86085,81,29,48,33,558,68302,2508,13412
True,0,0,0,0,1,0,0,0,0,0,1950,71475,85,27,17,63,664,49294,3913,15045
True,0,0,0,0,0,0,0,0,0,1,2357,82545,98,55,40,126,537,93918,16721,16986
False,0,0,0,0,0,0,0,1,0,0,2355,54260,84,26,49,52,520,111014,960,3286
True,1,0,0,1,0,0,1,0,0,0,1873,68230,87,45,16,83,622,83656,1774,12517
False,0,0,1,0,1,0,0,0,0,0,2315,61290,97,37,46,63,747,106754,0,663
False,0,0,0,0,0,0,0,0,0,0,1815,43895,78,38,45,82,378,96877,190,1152
True,0,0,0,0,0,0,0,0,0,0,2099,64430,78,27,17,43,512,47390,198,9223
True,0,0,0,0,0,0,0,0,0,1,2184,69950,84,40,33,91,440,94641,12790,17223
False,0,0,1,0,0,0,1,0,0,0,1971,49430,75,19,45,41,443,50640,319,1271
False,0,0,0,0,0,0,0,0,0,0,2672,61125,97,28,66,57,635,109694,0,751
True,0,0,1,0,0,0,0,0,0,0,2784,92850,109,44,37,76,976,88186,1737,14048
False,0,0,0,0,0,1,0,0,0,0,1979,36075,72,12,89,28,126,47022,5444,722
False,0,0,0,0,0,1,0,0,1,0,2880,75605,97,22,43,42,1003,111155,5587,1494
False,0,0,0,1,0,0,1,0,0,0,3104,77650,101,37,48,55,838,87316,2092,5437
True,0,0,0,0,0,1,0,0,0,0,1819,67585,80,43,18,59,494,57655,500,10907
True,1,0,0,0,1,0,0,0,0,0,2436,79605,101,47,38,75,514,94021,0,9700
True,1,0,0,0,0,0,0,0,0,0,2996,101785,116,55,64,105,933,149373,10004,16613
True,0,1,0,1,0,0,0,0,0,0,3619,102060,122,71,57,169,1095,236655,10372,9492
True,0,0,0,0,0,0,0,0,0,0,3415,118500,117,59,53,55,1079,133411,0,16260
True,0,0,0,0,0,0,0,0,0,0,3113,101210,122,73,47,121,986,172138,10397,24727
True,0,0,0,1,0,0,1,0,0,0,3777,123560,111,33,27,61,1340,133826,0,17691
False,1,0,0,1,0,0,0,0,0,0,2993,76875,104,54,68,73,600,118533,1491,13239
False,0,0,0,0,1,0,0,0,0,0,2653,65455,97,24,43,49,934,91656,2484,4332
False,0,0,0,0,1,0,0,0,0,0,3042,83320,103,46,61,62,572,121591,7469,1229
True,0,0,0,1,0,1,0,0,0,0,2964,84355,112,26,44,62,949,100032,0,12109
True,0,0,0,0,0,0,0,0,0,1,2665,81940,105,45,37,109,720,131121,4862,19904
False,0,0,0,0,0,0,0,0,1,0,1361,31195,48,18,16,14,175,29154,0,522
True,0,1,0,0,0,0,0,0,0,0,1445,50730,68,43,12,46,287,41128,1595,5662
False,0,0,1,0,0,0,1,1,0,0,2544,64635,95,30,50,51,726,119893,0,2742
True,1,0,0,0,1,0,1,0,0,0,2926,105020,115,57,31,111,1011,138012,6735,13605
False,0,0,1,0,0,0,0,0,0,0,4363,134895,100,46,44,55,1693,197333,0,22252
True,0,0,0,1,0,1,1,0,0,0,3422,110760,124,50,44,89,1230,134567,0,19228
False,0,0,0,0,1,1,0,0,1,0,2414,54990,90,35,58,62,424,85902,400,1732
False,0,0,0,0,1,1,0,0,0,0,3099,88940,105,38,43,66,924,108384,7078,3890
True,1,1,1,0,0,0,0,0,0,0,1966,80910,93,57,18,40,664,80000,596,14290
True,1,0,0,0,0,0,1,0,0,0,2607,85975,112,60,49,104,615,121304,2538,11410
True,0,1,0,0,0,0,0,0,0,0,2701,91885,110,70,38,104,689,125799,0,11968
False,1,0,0,0,0,0,1,0,0,0,2353,50950,85,28,48,50,456,62783,580,774
True,0,1,0,0,0,0,0,0,1,0,2346,77305,91,34,25,35,696,73878,749,9976
False,0,0,0,0,0,1,0,0,0,0,3610,119880,114,46,64,88,1507,167231,0,7760
False,0,0,0,0,0,0,0,0,0,0,2246,44770,77,19,56,32,371,53797,1674,1267
True,0,0,0,0,0,0,0,0,0,0,4300,145490,120,80,57,93,1439,238805,3822,15625
False,0,0,0,1,0,0,0,0,0,0,2822,71060,101,49,63,97,679,107831,1956,4250
False,1,0,0,0,0,0,0,0,0,0,4017,89965,120,69,73,123,687,175600,0,10917
False,1,0,0,0,0,0,0,0,0,0,1642,34485,62,15,30,27,315,50438,0,0
False,0,0,0,0,1,0,0,0,1,0,2640,70490,104,42,52,67,784,115212,0,4014
True,0,0,0,0,0,0,0,0,0,0,3246,94920,111,42,42,79,944,129746,0,12489
True,1,0,0,0,0,0,0,0,0,0,1560,66660,76,28,6,42,568,41807,0,12020
True,0,0,0,1,0,1,0,0,0,0,2485,63830,88,32,39,75,598,70131,1274,10848
False,0,0,0,0,0,0,0,0,0,0,2326,47645,77,19,57,25,534,61213,6629,675
False,0,0,0,0,0,0,1,0,0,0,2082,48895,82,22,31,28,561,50614,153,1584
False,0,0,1,0,1,0,0,0,1,0,2726,89340,102,34,41,70,960,97682,1493,10005
True,1,0,0,0,0,1,0,0,0,0,2592,89650,99,42,35,65,813,91427,2365,17506
True,0,0,0,0,0,0,1,0,1,0,2576,79810,106,47,51,90,698,107262,2077,15619
False,0,0,0,0,0,0,0,0,0,1,2600,83025,93,18,41,17,1116,60806,533,2754
False,0,0,0,0,0,0,0,0,0,0,2010,37645,72,17,33,34,439,45292,1511,605
True,0,0,0,0,0,0,1,0,0,1,2469,70055,99,40,24,86,753,94193,3834,16277
False,1,0,0,0,0,0,0,0,0,0,3752,103815,120,52,68,102,998,159688,4888,4080
True,0,0,0,0,0,1,0,0,0,1,2679,87455,103,45,28,81,791,105578,562,10272
True,0,0,0,1,0,0,0,0,0,0,2757,96270,93,41,28,53,764,100716,0,18677
False,1,0,0,0,1,0,0,0,0,1,2053,40635,70,24,41,52,315,57916,0,467
True,0,0,1,0,0,0,0,0,0,0,3424,123815,119,58,48,68,1162,148840,2501,22070
True,1,0,0,0,0,0,1,0,0,0,2735,93115,104,48,40,82,737,107451,4573,19792
False,0,0,0,1,0,1,0,1,0,0,1237,40370,55,8,53,27,69,34353,0,29
False,0,0,0,0,0,0,0,0,0,0,2107,37620,72,14,37,24,367,41692,93,615
False,1,0,0,1,0,0,0,0,0,0,2508,54830,85,25,56,43,503,82692,0,1958
False,1,0,0,0,0,1,1,0,0,0,2626,64280,93,36,32,59,547,83762,2078,664
True,0,1,0,0,0,1,0,0,0,1,2621,89110,106,46,36,36,972,81961,0,10554
True,0,0,0,0,0,0,0,0,0,0,2297,111835,100,42,31,83,890,87538,5181,19422
False,0,0,0,1,0,1,1,1,0,0,1886,39505,70,19,42,35,370,55342,0,672
True,0,1,0,0,0,0,0,0,0,0,1801,61545,80,34,11,48,531,58231,3532,12001
False,1,0,0,0,0,0,0,0,0,0,2729,57190,91,22,62,50,485,70245,7358,682
True,0,0,1,0,0,0,1,0,1,0,2048,62725,92,41,27,79,620,86164,2509,19165
False,0,0,0,0,0,0,0,0,0,0,3006,82790,106,46,52,92,796,151606,5530,4893
False,0,1,0,0,0,0,0,0,0,0,2594,67020,90,19,41,41,802,66414,2215,4258
False,0,1,0,0,0,0,0,0,0,0,1464,34870,58,11,28,31,163,37038,383,416
True,0,0,1,0,0,0,0,0,0,0,3259,100090,124,70,57,112,891,143292,5285,16295
False,0,0,0,0,0,0,0,0,0,1,2623,62425,90,37,57,45,681,76969,2263,785
True,0,1,0,1,0,0,0,0,0,0,2105,68330,88,44,29,57,491,69407,7526,15573
False,0,0,0,0,1,0,1,0,1,0,2229,46890,76,20,50,34,327,64758,318,135
True,0,0,1,0,0,0,0,0,0,0,1933,92320,94,36,29,42,785,71288,253,14547
False,0,0,0,0,0,0,0,0,0,1,2469,79585,98,37,48,65,663,89776,539,1143
True,0,0,0,1,0,0,0,0,0,0,2256,74640,96,57,31,93,453,99845,12809,13913
True,0,1,0,0,0,0,0,0,0,0,2387,79315,96,35,21,74,727,82348,3708,12087
True,0,0,0,0,0,0,0,0,0,1,1855,62670,86,41,11,82,516,65906,6853,15826
False,0,0,0,1,1,0,0,0,0,0,2165,42080,78,23,41,37,451,57707,0,165
False,0,0,0,0,0,0,1,0,0,0,2238,47295,77,19,37,56,591,71399,5623,921
True,0,1,0,0,0,0,1,0,0,1,1543,47050,73,30,17,65,340,47541,1183,10023
True,0,1,0,0,0,0,0,0,0,0,2783,101970,104,41,39,73,944,107477,11022,12947
False,0,1,0,1,0,0,1,1,0,0,1971,35745,57,16,47,14,277,43005,0,1202
True,0,1,0,1,0,0,0,0,1,0,1625,63690,82,40,20,70,520,66602,5980,13050
True,0,0,0,1,0,0,0,0,0,0,2151,74080,97,56,20,84,563,95842,2486,14416
False,0,0,0,0,0,1,0,0,0,0,1750,34410,62,7,31,11,456,39216,0,513
False,0,0,0,0,0,0,0,0,0,0,4982,144485,120,41,45,115,1876,192270,2478,20890
True,0,1,0,1,0,0,0,0,0,1,2570,91955,104,36,35,52,906,76965,4691,18526
True,1,0,0,0,0,0,1,1,0,0,1838,71975,89,37,15,59,620,80990,0,16656
True,0,1,1,0,0,0,0,0,0,0,3209,84535,111,42,32,90,847,125892,13296,16660
True,0,0,0,0,1,0,0,0,0,0,2208,73395,84,33,14,62,679,69903,9471,14342
True,0,0,0,0,0,0,0,0,0,0,1609,51225,68,25,8,63,398,47084,13412,19580
False,1,0,0,0,0,0,1,0,0,0,1867,41345,70,17,47,56,276,40471,1359,168
False,0,0,0,0,0,0,0,1,0,0,4452,119895,116,67,71,103,1512,202664,3528,13040
False,0,1,0,0,0,0,0,0,1,0,2224,35645,72,15,64,29,183,44371,516,360
False,0,0,1,1,0,1,0,0,0,0,1722,38305,66,22,35,36,442,48342,0,892
True,0,0,1,0,0,0,0,0,0,1,2260,89790,95,31,27,30,864,60865,0,14943
True,0,0,0,0,0,0,0,1,0,0,1758,72445,84,37,14,48,629,61679,5570,15041
False,0,0,0,1,0,0,0,0,1,0,3679,96130,117,53,51,73,824,141366,1366,1459
True,0,0,0,0,1,1,0,0,0,0,2516,87225,100,49,24,42,764,109166,890,14867
False,0,0,0,0,0,0,1,0,1,0,3496,99970,118,55,46,104,960,150667,0,5007
False,0,0,0,0,0,0,0,0,0,0,1898,39020,65,18,41,28,470,41385,2190,1704
False,0,0,0,0,0,0,1,0,0,0,3005,63285,96,34,50,88,546,116489,10658,3440
False,0,1,0,0,0,0,0,0,0,0,1960,31965,71,27,71,46,159,69220,0,309
False,0,0,0,1,1,0,0,0,0,0,2736,67260,90,29,64,37,615,97819,4752,871
False,0,0,1,1,0,1,0,0,0,0,1827,37165,66,5,31,10,461,37305,0,898
False,0,0,0,0,1,0,0,1,0,0,2850,74150,98,24,48,38,1064,126789,231,3360
True,0,1,0,0,1,0,0,0,0,1,2207,70325,95,39,20,61,642,85841,0,16236
False,0,0,0,0,0,0,0,1,0,0,2361,46285,74,22,41,32,409,78656,25,171
False,1,0,0,1,0,0,0,0,0,0,2611,62635,94,25,43,51,764,63705,968,1295
True,1,0,0,0,0,0,0,1,0,0,2625,89840,107,52,35,98,728,103851,4167,17571
False,1,0,0,0,1,0,0,0,0,0,2618,66255,91,51,52,64,597,114970,0,4803
False,1,0,0,0,1,0,0,0,0,0,2625,61985,84,30,36,38,610,61459,0,947
True,0,0,0,0,0,0,1,0,0,0,2886,101805,106,41,33,72,903,123121,1231,17509
True,1,1,0,0,0,0,0,0,0,0,2037,77990,93,50,23,71,544,82229,2323,11724
False,0,0,0,0,0,0,0,0,0,0,4254,122960,114,54,46,106,1518,178393,6285,13522
True,0,0,0,1,0,0,0,0,0,0,2796,86000,90,35,33,48,670,82859,0,11295
False,0,0,0,1,0,0,0,0,0,0,2901,79710,100,28,34,48,1104,98327,0,3597
True,0,1,0,0,0,0,0,0,0,0,1646,53125,73,46,17,94,334,75031,16059,16024
True,0,0,0,1,0,0,0,0,0,0,3574,115215,121,64,48,91,1103,169036,7455,15796
False,0,0,0,0,0,0,0,1,0,0,3645,85355,105,49,72,74,848,157920,466,3454
False,0,0,0,0,0,0,0,0,0,0,2158,42540,78,19,55,34,441,82670,0,675
True,0,0,1,0,0,0,0,0,0,0,2664,101900,110,40,21,61,1022,81928,5683,15470
False,1,0,0,0,0,0,0,0,1,0,3061,71945,110,46,51,51,684,114700,0,542
True,1,1,0,1,1,0,0,0,0,0,3409,109780,117,66,64,88,773,139709,3405,18569
False,0,0,0,0,0,0,0,0,0,0,3232,93060,111,51,62,92,678,121435,7701,6428
True,0,0,0,0,0,0,1,0,0,0,396,16655,22,23,3,68,45,17156,1367,7336
False,0,0,0,0,0,0,0,1,0,0,2983,63235,96,23,51,31,783,64902,204,1220
False,0,1,0,0,0,0,0,0,0,0,1429,30315,56,10,27,18,331,27633,1490,911
False,0,1,0,0,0,0,0,0,0,0,3322,93740,110,76,62,86,875,154028,2184,5491
False,0,0,0,1,0,0,0,0,0,0,2208,37520,57,15,22,21,228,30824,0,885
True,1,0,0,0,0,1,0,0,0,0,1348,91615,95,71,7,106,476,73411,4305,10835
True,0,1,0,0,1,0,0,0,0,0,2380,78480,96,46,14,39,605,82756,4835,9643
True,1,0,0,0,0,0,0,0,0,1,3240,108350,117,54,50,125,992,162969,1600,10570
True,1,0,0,0,0,0,0,0,0,0,1948,64365,83,43,15,78,472,67539,4493,13138
False,0,0,1,0,1,0,0,0,0,0,2477,57545,83,24,44,26,514,63969,1509,2502
True,0,0,0,0,0,0,1,0,0,0,3900,116180,113,69,65,119,1092,209781,2176,13974
True,0,1,0,0,0,0,0,0,0,0,2893,97035,103,44,31,112,748,121277,2636,16923
True,1,0,0,0,0,1,0,0,0,0,2483,87745,104,33,25,38,1120,77878,1039,13307
True,0,1,0,0,0,0,1,0,0,0,3253,102495,112,30,52,44,1250,122262,2519,12107
True,0,0,0,1,0,0,1,0,0,0,3101,104620,109,40,38,71,973,110647,4245,14619
False,0,0,0,0,0,1,0,0,0,0,829,14395,32,3,36,5,145,8642,679,1068
False,0,0,0,0,0,0,0,0,0,0,2360,48995,79,25,29,47,424,68754,400,2709
True,0,0,1,0,1,0,0,0,0,0,2247,105450,103,46,34,56,923,82822,0,19300
True,0,1,1,0,0,0,1,0,0,0,2362,79645,98,50,16,71,570,74259,0,18244
False,0,0,1,0,0,0,1,0,0,0,2095,48775,82,21,39,42,631,60642,800,2959
True,0,0,0,0,0,0,0,0,0,0,431,15940,18,4,8,9,64,3667,0,6839
False,1,0,0,0,0,0,0,0,0,0,2589,64565,89,30,49,98,568,103911,3386,293
False,0,0,0,0,0,1,0,0,1,0,2740,73680,100,38,43,78,518,140162,3078,5303
True,0,0,0,1,1,0,0,1,0,0,3174,104195,123,50,48,101,1073,168424,0,17386
True,0,0,0,0,0,0,0,0,0,0,3058,91895,116,37,44,54,1435,109555,0,17144
False,0,0,0,0,0,0,0,0,0,0,3458,83410,111,44,57,88,698,129565,0,7478
False,0,0,0,0,0,0,0,0,0,0,2478,51050,89,29,49,43,530,67980,3963,2522
False,0,0,0,0,0,1,0,0,0,0,2875,75520,106,50,54,87,935,106902,4628,4640
False,0,0,0,0,0,0,1,0,0,1,2651,57045,81,28,36,55,448,115573,0,3795
True,1,0,0,1,0,0,0,0,0,0,1702,63160,80,30,17,51,580,54018,4794,13917
False,0,1,0,0,0,0,0,0,0,0,3173,82200,106,36,62,55,873,131354,3273,5259
False,0,0,0,0,0,0,0,0,0,1,3195,81715,105,32,54,63,953,110426,2827,2403
True,0,0,0,1,0,0,0,0,0,0,3742,123200,117,52,65,114,1321,241357,3005,14646
True,0,1,0,0,0,0,0,0,0,0,2393,74375,90,25,24,38,693,69894,0,17566
False,1,1,0,0,0,0,1,0,0,0,1578,34020,62,17,30,33,358,54685,449,1855
False,1,0,0,0,0,0,0,0,0,0,2535,81350,98,38,41,72,869,80397,2489,8213
True,0,1,0,0,0,0,0,1,0,0,1746,54015,76,33,10,46,496,52921,663,12931
False,0,0,0,0,1,0,0,0,0,0,1839,42725,68,13,43,29,292,51363,0,141
True,0,0,0,1,0,0,0,0,1,0,2899,102940,120,61,36,83,1072,145505,4280,13242
True,0,0,0,0,0,0,0,0,0,0,2214,64345,89,46,25,78,524,80933,0,11588
True,0,0,0,0,0,0,0,1,0,0,3256,107490,116,51,53,103,1010,147454,1239,14427
False,0,0,0,0,0,0,0,0,0,0,4163,95940,120,61,54,142,947,208511,20223,7684
True,0,0,0,0,1,0,1,0,0,0,2861,91440,114,51,49,82,801,110577,1366,9184
True,1,1,0,0,0,0,0,0,1,0,2144,78090,102,46,29,78,760,105956,908,12046
True,0,0,1,0,1,0,1,0,0,0,3023,95880,119,50,52,78,1073,155129,0,18392
True,0,1,0,1,0,0,0,1,0,0,2168,67810,88,50,22,59,429,72756,0,12609
True,0,0,0,0,0,0,0,0,0,0,416,21200,20,15,5,50,56,10944,4045,7406
False,0,0,0,0,0,1,1,0,0,0,2032,37140,69,16,61,18,312,35652,2029,400
True,0,0,0,0,0,1,0,0,0,0,2314,80465,96,33,21,62,719,68762,6422,18827
True,0,1,1,0,0,0,0,0,0,1,1237,52405,69,59,17,72,336,65433,0,13117
True,0,0,1,0,0,0,0,0,0,0,2780,99925,116,56,32,73,1002,127432,522,10324
True,0,0,0,0,0,0,1,1,0,0,2193,88075,96,28,15,33,956,63406,977,17658
False,1,1,0,0,1,0,0,0,0,0,2406,63210,94,41,48,64,608,91327,1261,507
False,0,0,0,0,0,0,0,0,0,0,2027,50855,80,37,30,67,406,95998,6258,342
False,0,0,0,0,0,0,1,0,0,1,2358,59495,88,33,33,76,508,75486,1045,486
True,0,1,0,1,0,0,0,0,0,0,3386,94625,110,61,80,55,841,136373,2576,11807
False,0,0,0,1,0,0,0,0,0,0,2833,73345,93,35,60,44,737,116506,2106,9908
True,0,1,0,0,0,0,0,1,0,0,1779,65215,83,44,22,39,456,74018,1602,7803
True,0,0,0,0,0,0,0,0,0,0,2705,91720,108,35,41,59,1086,81327,7894,13437
True,1,0,0,0,0,0,0,0,0,0,2616,78715,97,36,26,81,789,84955,9312,18906
False,0,0,0,1,0,0,1,0,0,0,1842,49900,76,24,58,47,314,55779,3,152
False,0,1,1,0,0,0,0,1,0,0,2441,43815,74,18,76,29,309,48145,1750,646
False,0,0,0,0,0,0,1,0,0,0,2826,76395,100,30,33,57,1026,85701,400,2366
False,0,1,0,0,0,0,1,0,0,0,2517,59480,91,24,53,48,770,94271,1381,802
True,0,0,0,0,0,0,1,1,0,0,3452,102210,111,24,39,47,1241,93732,3997,12731
True,0,0,0,0,0,0,0,0,0,0,2192,87100,96,45,18,32,751,80568,343,11753
False,0,0,1,0,0,0,0,0,0,0,3128,71780,111,54,69,101,836,125475,1762,631
True,0,0,0,0,0,0,0,0,1,0,2327,84730,103,59,24,100,587,107271,605,13916
True,0,0,0,0,0,0,0,0,0,1,3764,100890,119,71,59,124,1114,193084,7725,11542
False,0,0,0,0,0,0,1,0,0,0,2883,64200,86,16,44,37,632,64684,6645,1311
False,0,0,0,0,1,0,0,0,0,0,3165,79760,97,40,46,45,645,88623,0,2668
True,0,0,1,0,0,0,0,0,0,0,1830,56600,86,46,21,41,487,57682,0,7099
False,0,1,1,0,0,0,0,0,0,0,2420,64755,93,38,40,49,748,83068,0,2487
False,0,0,0,1,0,0,0,0,1,0,2812,68865,95,29,47,45,798,72711,226,1116
False,0,0,1,0,0,0,0,0,0,0,3667,98255,112,54,63,70,1120,150521,1682,3975
True,1,0,1,0,0,0,0,0,0,0,2792,82545,107,56,41,75,742,103981,4582,19090
True,0,0,0,1,0,0,0,0,0,0,1794,55490,82,41,25,87,507,71128,4366,10444
True,1,0,0,0,0,1,0,0,0,0,2459,81170,94,37,35,59,826,92806,0,10926
True,1,0,0,0,0,1,0,0,0,0,2326,74560,90,50,16,86,459,88328,6732,16543
True,0,1,0,1,0,0,1,0,0,0,1977,73745,86,40,16,65,517,57075,2961,16382
False,0,1,0,0,0,0,0,0,1,0,2458,37810,56,7,41,6,279,27219,84,698
True,0,1,0,0,0,0,0,0,0,0,2880,89765,102,45,35,63,802,98023,5883,11348
False,0,1,0,0,0,1,0,0,0,0,2426,58350,91,23,62,49,401,96456,4770,236
True,0,0,0,0,0,0,0,0,0,0,1747,63520,78,39,12,68,456,55672,3230,16331
True,0,1,1,0,0,0,0,0,0,0,1827,96115,107,59,19,84,534,104028,2528,15321
True,1,0,0,0,0,0,0,1,0,0,2776,75885,98,43,54,56,608,100937,1990,7871
False,0,0,1,0,0,0,0,0,1,0,2441,66270,88,24,35,33,712,84870,298,5692
True,0,0,0,1,0,0,0,0,0,0,2436,74680,99,60,44,90,492,119076,0,11785
False,1,0,0,1,1,0,0,0,0,0,2656,58670,90,31,40,33,637,82353,0,1700
False,0,0,0,0,0,0,0,0,0,0,2195,44870,72,17,47,26,381,69680,3103,133
True,0,0,0,1,0,0,0,1,0,0,2983,97490,112,60,39,79,1022,131680,0,13409
False,0,0,0,0,0,0,0,0,0,0,2890,84130,110,53,55,88,797,117736,4479,2754
False,0,0,0,0,0,0,0,0,1,1,3215,74400,113,52,60,97,825,121661,5600,5860
True,1,1,0,0,0,0,0,0,1,0,2634,80240,97,48,41,74,507,97771,1019,9468
False,0,0,0,1,0,0,0,0,0,0,2105,45980,70,19,53,35,356,40787,0,766
True,0,0,0,0,0,0,0,0,0,0,3115,117290,115,37,24,87,1336,105910,6978,19294
True,1,1,0,0,0,0,0,0,0,0,1581,52225,75,58,22,103,206,86435,4822,7000
True,1,0,0,0,0,0,1,0,0,0,2341,88600,101,61,18,89,627,98517,6824,14521
True,0,0,0,0,0,0,0,0,0,0,1885,78775,88,47,15,70,563,81803,5527,15246
True,0,1,0,0,0,0,0,1,0,0,2096,69995,89,42,27,91,587,83837,0,15089
False,0,0,0,0,0,0,1,0,0,0,2273,47440,84,24,45,17,583,53198,2400,789
False,0,0,0,0,0,0,0,0,0,0,2490,48435,72,13,27,29,568,54727,4387,2930
True,0,0,0,1,0,0,0,0,0,0,2441,70620,93,33,32,64,859,80414,2486,15471
False,0,0,0,0,0,0,0,0,0,0,3214,87410,110,40,64,56,693,99154,1323,7597
False,0,0,0,1,0,0,1,0,1,0,2191,27365,61,10,58,14,252,47842,0,283
False,1,1,0,0,0,0,0,0,0,0,3092,78420,111,34,70,69,986,116612,1344,1347
True,1,0,0,0,0,0,0,0,0,0,2424,70245,100,40,21,76,812,79054,7841,19742
False,0,0,0,0,0,0,0,0,0,1,2190,56030,83,33,69,51,467,78212,0,3006
False,0,0,1,0,0,0,0,0,0,0,1980,38050,67,17,43,31,374,54265,2648,1394
True,0,0,1,0,0,1,0,1,0,1,2059,86555,97,33,20,63,786,83754,0,20116
True,0,0,0,0,0,0,0,0,0,0,2096,69435,81,32,27,54,621,67850,5030,12792
False,0,1,0,0,0,0,0,1,1,1,3231,99440,102,41,56,44,887,91915,2591,9875
True,0,0,0,0,0,0,0,1,0,0,2271,60095,89,47,28,98,462,93940,3627,14386
False,0,0,0,1,0,0,0,0,0,0,2881,73520,91,37,46,37,856,88123,1704,4482
False,1,0,0,0,1,0,0,0,0,0,2154,42080,68,23,51,20,351,61730,950,2604
False,0,0,0,0,0,1,0,0,0,0,2163,58290,79,25,32,31,591,98961,0,699
True,0,0,0,1,0,0,0,0,1,1,3502,119190,114,42,38,77,1605,130624,0,9599
True,1,0,0,0,1,0,0,0,0,0,3406,105955,110,41,39,64,1205,108129,8493,9247
True,0,1,0,0,0,0,0,0,1,0,2069,81005,95,80,20,87,379,93552,1803,10502
False,0,0,0,0,0,1,0,0,0,0,2743,66390,97,40,50,64,627,101335,1397,2171
False,0,0,1,0,0,0,0,1,0,0,1889,32050,64,15,54,26,266,45745,33,606
True,0,0,0,0,0,0,0,1,1,0,1766,69790,79,35,13,82,514,54549,2952,15626
True,0,1,0,0,0,0,0,0,0,0,2009,62040,85,43,18,72,475,90284,6318,14937
False,0,0,1,0,0,0,0,0,0,0,2053,41915,76,12,33,20,510,48840,4785,1677
False,0,0,0,0,0,0,0,1,0,1,1702,38025,71,18,46,36,440,57472,0,661
True,0,0,0,0,0,0,0,0,0,0,2803,87595,106,49,44,66,776,91987,4106,11971
False,0,1,0,0,0,0,0,0,0,0,4213,112295,117,64,59,44,1150,157803,604,8383
False,1,0,0,0,0,0,0,0,0,0,3482,88610,116,46,43,73,1305,121147,5776,3813
False,0,0,1,1,1,0,0,0,0,0,2225,52645,77,26,44,41,504,64920,2060,1373
False,0,1,0,0,0,0,0,1,0,0,2723,72055,97,33,55,48,718,102382,1827,2487
True,0,0,0,0,1,0,0,0,0,0,1942,87290,97,52,18,74,731,85200,2126,17006
True,0,1,0,0,0,0,1,0,0,0,2741,96235,108,52,35,109,782,120533,13545,16438
False,0,1,0,0,0,0,1,0,0,0,2249,60610,87,23,36,47,705,62207,5865,394
True,0,0,0,0,1,0,1,0,0,1,2444,88175,95,35,24,69,759,70783,7362,17368
True,1,0,0,1,0,0,1,0,0,0,3565,106435,114,45,34,102,1229,144033,5854,9927
False,0,1,0,0,0,0,0,0,0,0,3534,91625,111,49,62,83,993,183942,1982,5742
True,0,1,0,1,1,0,0,0,0,0,2301,60430,87,39,46,82,315,90552,2994,10630
True,0,0,0,0,1,0,0,0,0,0,1036,30895,59,21,5,32,304,26736,1956,2568
False,0,0,1,1,0,0,0,0,0,0,2892,67685,93,20,41,24,926,64271,0,4306
False,1,0,0,0,0,0,0,0,0,0,3025,78950,109,40,43,71,808,114307,1056,739
False,0,0,0,0,0,0,0,0,0,0,3366,87655,108,39,76,49,1032,162406,9336,8260
True,0,0,0,0,0,0,1,0,0,0,1935,72050,91,47,18,52,639,60411,4645,9749
True,1,0,0,0,0,0,0,0,0,1,2875,80775,96,35,36,63,718,88069,169,11983
False,0,0,0,0,0,0,0,0,1,0,469,8835,23,2,16,0,89,2115,0,1340
True,1,0,1,0,0,0,0,0,0,0,2282,82795,101,55,35,87,519,89061,2030,15464
True,0,0,0,0,0,0,0,0,0,0,3071,75340,94,32,48,77,558,94955,3731,15275
True,0,0,0,0,0,0,0,0,0,0,2309,77845,88,28,21,65,802,67700,6029,16754
False,0,0,0,0,0,0,0,0,0,1,1824,43950,67,18,33,30,538,47917,0,3060
False,0,0,0,0,0,0,0,0,0,0,2457,74690,91,17,48,23,900,67915,956,1977
False,0,0,1,0,0,0,0,0,0,0,2543,56650,87,26,46,44,574,60928,47,2174
False,0,0,0,1,0,0,0,0,0,0,2440,73660,87,29,45,38,694,76361,1287,2839
False,0,0,0,0,0,1,0,0,0,0,2523,62490,91,33,48,38,799,77718,1120,1499
True,0,0,0,0,0,0,0,1,0,0,3067,108765,117,34,44,53,1194,137436,1075,16183
True,0,0,1,0,0,0,0,0,0,0,2485,82065,101,49,36,68,665,92092,7880,19206
True,0,0,1,0,0,0,0,1,0,0,2441,100430,104,37,29,54,991,101512,1566,17404
True,0,1,0,0,1,0,0,1,0,0,1288,49950,64,66,21,82,266,56799,967,6868
True,0,1,0,0,1,0,1,0,0,0,3118,99440,110,45,44,69,919,105265,7571,8323
True,0,0,0,0,0,0,0,0,0,0,2067,66115,84,39,27,86,506,65496,2816,15747
True,0,0,1,0,0,0,0,0,0,0,2799,79370,108,59,44,115,589,130057,1595,12099
False,0,0,0,1,1,0,0,0,0,0,3256,73995,95,41,49,61,682,101398,9223,4006
False,0,1,0,0,0,0,0,0,0,1,2210,52550,82,30,39,37,479,67712,949,1101
False,0,1,0,1,0,1,0,0,0,0,3815,98990,110,44,65,36,1028,125947,1382,1955
False,0,0,0,0,0,0,1,0,0,0,1855,35910,71,26,47,42,422,72103,247,1239
False,0,0,0,1,0,0,0,0,1,0,3406,92835,106,39,41,73,1163,112796,1354,3775
False,0,0,0,0,0,0,0,0,0,0,2704,54560,80,17,45,34,702,46581,6919,5178
False,0,0,0,0,0,0,1,0,0,0,1813,46470,67,4,34,18,403,30343,0,804
False,0,0,0,0,0,1,0,0,0,0,3266,75940,106,45,76,59,849,148286,3986,3105
False,0,0,0,0,0,0,0,0,1,0,3480,105360,120,56,51,97,1031,136614,1466,16930
False,0,0,0,0,0,0,0,0,0,0,2775,74040,101,34,43,56,731,121293,1915,5957
True,0,0,0,0,0,0,0,0,0,0,2405,76510,88,37,26,57,550,90569,3415,20304
True,1,0,0,0,0,0,0,0,0,0,2821,92120,102,47,35,95,735,110895,11553,13602
False,0,0,1,0,0,1,0,0,0,0,2333,45705,62,17,27,15,362,44942,890,513
False,0,0,0,0,0,0,1,0,0,0,2718,64410,95,31,56,47,605,107123,69,2285
False,0,1,1,0,0,0,0,0,0,0,2364,52345,87,24,43,46,476,69776,0,119
True,1,0,0,0,0,0,1,0,0,0,2070,78320,87,29,20,46,805,54601,0,20840
False,0,0,0,0,0,0,1,0,0,0,2190,51475,83,25,47,46,450,78935,1807,2846
False,0,0,1,0,1,0,0,1,0,0,1731,41065,73,16,36,34,449,63510,0,474
False,1,0,0,0,0,0,0,0,0,0,2551,63035,87,23,33,47,640,75594,0,2784
True,0,0,1,0,1,0,1,0,0,0,2442,93040,111,46,28,69,891,87683,2795,17874
True,0,1,0,0,0,1,0,0,0,0,2921,107175,107,62,49,22,1142,94146,5642,16217
False,0,0,0,1,1,0,0,0,0,0,3192,74475,113,46,74,88,565,164435,0,1058
False,1,0,1,1,0,0,0,0,0,0,2595,59545,86,24,51,31,619,79268,3363,3348
False,0,0,0,1,1,0,0,0,0,0,1807,40925,59,23,27,19,201,37890,0,283
False,0,0,0,0,0,0,0,0,1,0,2140,45855,73,15,36,8,547,39327,0,542
False,0,0,0,0,0,0,0,1,0,0,3271,80995,106,41,68,50,894,111878,2041,482
True,0,1,0,0,0,0,0,0,0,1,2276,84955,97,43,25,93,743,95125,7518,13552
True,0,0,0,0,0,1,0,0,0,0,2895,91335,109,53,37,89,932,109795,1972,14520
True,0,0,0,1,0,0,1,0,0,0,2216,68680,92,37,15,106,598,69698,4963,14704
True,1,0,0,0,0,1,0,0,0,0,2374,87760,105,61,15,104,702,98071,5829,10138
True,0,0,0,0,0,1,0,1,0,0,2557,83615,96,52,37,83,580,113397,3139,17148
True,0,0,0,0,0,0,0,0,1,0,2994,90385,113,59,35,89,840,112462,6306,13863
True,0,0,1,1,0,0,0,0,0,0,3565,103030,117,40,43,71,1060,133675,2790,13854
False,0,1,0,1,0,0,0,0,0,0,2579,51230,90,27,75,33,345,80453,129,1347
True,0,0,0,1,0,1,0,0,0,0,1863,58530,82,46,15,91,515,82377,4673,12164
True,0,0,0,0,0,1,0,1,0,0,2830,94210,111,41,48,69,868,126219,0,15350
False,0,0,1,0,0,1,0,0,0,0,2146,43710,79,29,61,30,313,61431,0,1621
False,0,0,0,0,0,0,0,1,0,0,4360,118505,125,88,64,119,1259,205370,12634,6456
False,0,1,1,0,0,0,0,0,0,0,2689,56590,92,19,52,21,666,69497,1451,1850
False,1,1,0,0,0,0,0,0,0,0,2682,56200,85,35,52,41,463,62526,3022,2996
False,0,1,0,0,0,0,0,0,1,0,3215,82745,108,49,72,53,741,144181,0,8741
True,0,0,0,0,0,0,0,0,1,0,3543,109135,119,62,65,83,1240,177093,6459,12799
True,1,0,0,0,0,0,1,0,0,0,2214,78005,93,38,20,62,711,68801,4085,17096
True,0,1,0,0,0,0,0,0,0,0,2942,90110,102,30,36,62,772,98809,9834,12872
True,0,0,0,0,1,0,0,0,0,1,2752,103160,116,54,50,83,1112,136641,4474,19192
False,0,0,1,0,0,0,0,0,0,0,2420,52655,80,21,34,44,550,59642,1384,1914
False,1,1,0,0,0,0,0,0,0,0,2999,94755,109,46,58,80,725,117663,8180,13385
True,0,0,0,1,0,0,0,0,1,0,3192,107450,115,57,42,104,1044,134923,1576,14765
False,1,1,0,0,0,0,0,0,0,0,3282,75930,111,45,65,66,779,106385,2367,4168
True,1,1,0,1,0,0,0,0,0,0,2430,85280,98,49,25,101,580,90565,1873,15186
False,0,0,1,1,0,0,0,1,1,0,2402,55855,90,26,45,48,613,78814,0,870
False,1,0,0,1,0,0,0,0,1,0,2350,56075,88,21,41,40,613,59029,469,1052
True,0,1,0,0,0,1,0,0,0,0,2553,80330,103,40,38,49,840,79476,1426,12106
